OLD_color_mapping_wilddash = {
(0, 0, 0):(0,0,0),
(1, 1, 1):(0,0,0),
(2, 2, 2):(0,0,0),
(4, 4, 4):(0,0,0),
(5, 5, 5):(111, 74,  0),
(6, 6, 6):(81,  0, 81),
(7, 7, 7):(128, 64,128),
(8, 8, 8):(244, 35,232),
(9, 9, 9):(250,170,160 ),
(10, 10, 10):(230,150,140 ),
(11, 11, 11):(70,70,70 ),
(12, 12, 12):(102,102,156 ),
(13, 13, 13):(190,153,153 ),
(14, 14, 14):(180,165,180 ),
(15, 15, 15):(150,100,100 ),
(16, 16, 16):(150,120, 90 ),
(17, 17, 17):(153,153,153),
(19, 19, 19):( 250,170, 30),
(20, 20, 20):( 220,220,  0),
(21, 21, 21):(107,142,35),
(22, 22, 22):(152,251,152 ),
(23, 23, 23):(70,130,180),
(24, 24, 24):(220, 20, 60 ),
(26, 26, 26):(0,  0,142 ),
(27, 27, 27):( 0,  0, 70),
(28, 28, 28):(0, 60,100 ),
(29, 29, 29):(  0,  0, 90),
(30, 30, 30):( 0,  0,110),
(31, 31, 31):(0, 80,100 ),
(32, 32, 32):(0,  0,230 ),
(33, 33, 33):(119, 11, 32 ),
(34, 34, 34):(0,  0, 70 ),
(35, 35, 35):( 0,  0,142),
(36, 36, 36):( 0,  0,  0 ),
(37, 37, 37):(0,  0,  0 ),
(38, 38, 38):(128, 64,128 ),
(39, 39, 39):( 0,  0,  0 ),
(40, 40, 40):( 0,  0,  0 ),
(41, 41, 41):(128, 64,128 ),
(42, 42, 42):(  0,  0,  0),
(43, 43, 43):(128, 64,128 ),
(44, 44, 44):( 0,  0,  0 ),
(45, 45, 45):(153,153,153 ),
(46, 46, 46):(153,153,153 ),
(47, 47, 47):( 255,  0,  0),
(48, 48, 48):(255,  0,  0 ),
(49, 49, 49):(255,  0,  0 ),
(50, 50, 50):(111, 74,  0 ),
(51, 51, 51):( 111, 74,  0),
(52, 52, 52):(244, 35,232),
(54, 54, 54):( 0,  0,  0 ),
(55, 55, 55):( 0,  0,  0 ),
(56, 56, 56):( 102,102,156),
(57, 57, 57):(111, 74,  0 ),
(58, 58, 58):( 0,  0,230),
(59, 59, 59):( 0,  0,  0 ),
(60, 60, 60):( 0,  0,  0 ),
(61, 61, 61):( 128, 64,128),
(62, 62, 62):(111, 74,  0 ),
(63, 63, 63):(111, 74,  0 ),
(64, 64, 64):(128, 64,128 ),
(65, 65, 65):(244, 35,232 ),
(66, 66, 66):(111, 74,  0 ),
(67, 67, 67):(0,0,0),
(68, 68, 68):(81,  0, 81 ),
(69, 69, 69):(81,0,81),
(70, 70, 70):(128, 64,128 ),
(71, 71, 71):(111, 74,  0 ),
(72, 72, 72):( 0,  0,  0 ),
(73, 73, 73):(81,  0, 81 ),
(74, 74, 74):( 128, 64,128),
(75, 75, 75):(128, 64,128 ),
(76, 76, 76):(128, 64,128 ),
(77, 77, 77):(244, 35,232 ),
(78, 78, 78):( 152,251,152),
(79, 79, 79):(128, 64,128 ),
(80, 80, 80):( 244, 35,232)
}