color_mapping_wilddash = {
(0, 0, 0): (0,0,0),
(1, 1, 1): (0,0,0),
(7, 7, 7): (128,64,128),
(8, 8, 8): (244,35,232),
(11, 11, 11): (70,70,70),
(12, 12, 12): (102,102,156),
(13, 13, 13): (190,153,153),
(14, 14, 14): (180,165,180),
(17, 17, 17): (153,153,153),
(19, 19, 19): (250,170, 30),
(20, 20, 20): (220,220,  0),
(21, 21, 21): (107,142, 35),
(22, 22, 22): (152,251,152),
(23, 23, 23): ( 70,130,180),
(24, 24, 24): (220, 20, 60),
(25, 25, 25): (255,  0,  0),
(26, 26, 26): (  0,  0,142),
(27, 27, 27): (0,0,70),
(28, 28, 28): (  0, 60,100),
(31, 31, 31): (  0, 80,100),
(32, 32, 32): (  0,  0,230),
(33, 33, 33): (119, 11, 32),
(34, 34, 34): (  0,  0,142),
(35, 35, 35): (  0,  0,142),
(36, 36, 36): (  0,  0,  0),
(37, 37, 37): (0,0,0),
(38, 38, 38): (128,64,128)
}